2 4 20 4
0 40
0 40
0 40
0 40
 1 37 52 0   7 1 4 1 2 4 8
 2 49 49 0  30 1 4 1 2 4 8
 3 52 64 0  16 1 4 1 2 4 8
 4 20 26 0   9 1 4 1 2 4 8
 5 40 30 0  21 1 4 1 2 4 8
 6 21 47 0  15 1 4 1 2 4 8
 7 17 63 0  19 1 4 1 2 4 8
 8 31 62 0  23 1 4 1 2 4 8
 9 52 33 0  11 1 4 1 2 4 8
10 51 21 0   5 1 4 1 2 4 8
11 45 60 0  18 1 4 1 2 4 8
12 25 55 0  14 1 4 1 2 4 8
13 60 40 0  22 1 4 1 2 4 8
14 35 20 0  10 1 4 1 2 4 8
15 55 55 0  17 1 4 1 2 4 8
16 28 35 0  12 1 4 1 2 4 8
17 42 48 0  20 1 4 1 2 4 8
18 33 25 0   8 1 4 1 2 4 8
19 47 37 0  13 1 4 1 2 4 8
20 22 60 0  16 1 4 1 2 4 8
21 20 20 0   0 0 0
22 30 40 0   0 0 0
23 50 30 0   0 0 0
24 60 50 0   0 0 0